<!DOCTYPE html>
<html>
<head lang="en">
    <meta charset="UTF-8">
    <meta name="generator" content="xml3d-blender-exporter v0.4.0">
    <meta name="viewport" content="width=device-width, initial-scale=1.0">
    <link rel="stylesheet" type="text/css" media="all" href="./public/style/normalize.css">
    <link rel="stylesheet" type="text/css" media="all" href="./public/style/foundation.css">
    <link rel="stylesheet" type="text/css" media="all" href="./public/style/font-awesome.min.css">
    <link rel="stylesheet" type="text/css" media="all" href="./public/style/xml3d-blender-preview.css">
    <script src="./public/scripts/vendor/modernizr.js"></script>
    <script src="./public/scripts/vendor/jquery.js"></script>
    <script src="./public/scripts/foundation.min.js"></script>
    <script src="./common/scripts/xml3d/xml3d-4.9-min.js" type="text/javascript"></script>
    <script src="./common/scripts/xml3d/camera.js" type="text/javascript"></script>
    <script src="./common/scripts/blender-xflow.js" type="text/javascript"></script>
    <script src="./public/scripts/stats.js" type="text/javascript"></script>
    <script src="./public/scripts/xml3d-blender-preview.js" type="text/javascript"></script>


    <title>Scene</title>
</head>
<body>
<div class="fixed">
    <nav class="top-bar bottom-bar">
        <ul class="title-area">
            <li class="name"><h1><a href="">XML3D-Blender</a></h1></li>
        </ul>
        <section class="top-bar-section">
        <ul class="left">
        </ul>
        <ul class="right">
            <li class='divider'></li>
            <li><a class='renderStats' href='#'></a></li>
            <li class='divider'></li>
            <li><a href='#'><span class="fa fa-circle-o-notch fa-spin"></span></a></li>
            <li class='divider'></li>
            <li><a href="#" data-reveal-id="statisticsModal"><span class='fa fa-bar-chart'></span></a>
            <li class='divider'></li>
            <li><a href="#" data-reveal-id="warningsModal"><span id='bell' class='fa fa-bell-o fa-lg message-parent'></span></a>
            </li>
        </ul>
        </section>
    </nav>
</div>
<xml3d id="Scene" activeView="#v_Camera_01" style="width: 100%; height: 100%; background-color:rgb(65,65,65);">
 <defs></defs>
 <view id="v_view"></view>
 <group id="Lamp.001" class="layer-0" style="transform:matrix3d(-0.534436,0.827285,-0.173140,0.000000,-0.528628,-0.167331,0.832198,0.000000,0.659493,0.536283,0.526754,0.000000,19.338026,14.235235,12.654490,1.000000);"></group>
 <group id="GEO_SBD" class="layer-0" style="transform:matrix3d(8.334254,0.000000,0.000000,0.000000,0.000000,8.334254,0.000001,0.000000,0.000000,-0.000001,8.334254,0.000000,4.330307,4.529393,0.000000,1.000000);">
  <model src="assets/assets-0.xml#GEO_SBD"></model>
 </group>
 <group id="Camera_Target" class="layer-0" style="transform:matrix3d(1.000000,0.000000,0.000000,0.000000,0.000000,1.000000,0.000000,0.000000,0.000000,0.000000,1.000000,0.000000,7.451769,2.248780,4.062969,1.000000);"></group>
 <group id="Camera_01" class="layer-0" style="transform:matrix3d(0.866685,-0.498738,-0.010817,0.000000,0.230481,0.381102,0.895343,0.000000,-0.442419,-0.778474,0.445245,0.000000,19.478939,-14.389595,16.685343,1.000000);">
  <view id="v_Camera_01"></view>
 </group>
 <group id="GEO_Wheel_BackL" class="layer-0" style="transform:matrix3d(0.766044,-0.000000,0.642788,0.000000,-0.642788,-0.000000,0.766044,0.000000,-0.000000,-1.000000,-0.000000,0.000000,17.285366,-0.613552,8.063788,1.000000);">
  <model src="assets/assets-1.xml#GEO_Wheel_L-001"></model>
 </group>
 <group id="GEO_Back_Axle" class="layer-0" style="transform:matrix3d(0.766044,-0.000000,0.642788,0.000000,-0.642788,-0.000000,0.766044,0.000000,-0.000000,-1.000000,-0.000000,0.000000,17.285372,0.603200,8.063792,1.000000);">
  <model src="assets/assets-2.xml#GEO_Axle01-001"></model>
 </group>
 <group id="GEO_Wheel_FrontL" class="layer-0" style="transform:matrix3d(0.766044,-0.000000,0.642788,0.000000,-0.642788,-0.000000,0.766044,0.000000,-0.000000,-1.000000,-0.000000,0.000000,14.422431,-0.613552,8.063798,1.000000);">
  <model src="assets/assets-3.xml#GEO_Wheel_L001-001"></model>
 </group>
 <group id="GEO_Connector" class="layer-0" style="transform:matrix3d(0.766044,-0.000000,0.642788,0.000000,-0.642788,-0.000000,0.766044,0.000000,-0.000000,-1.000000,-0.000000,0.000000,15.851082,0.570729,8.063793,1.000000);">
  <model src="assets/assets-4.xml#GEO_Connector-001"></model>
 </group>
 <group id="GEO_Wheel_FrontR" class="layer-0" style="transform:matrix3d(0.766044,-0.000000,0.642788,0.000000,-0.642788,-0.000000,0.766044,0.000000,-0.000000,-1.000000,-0.000000,0.000000,14.422431,1.816212,8.063798,1.000000);">
  <model src="assets/assets-5.xml#GEO_Wheel_R001-001"></model>
 </group>
 <group id="GEO_Front_Axle" class="layer-0" style="transform:matrix3d(0.766044,-0.000000,0.642788,0.000000,-0.642788,-0.000000,0.766044,0.000000,-0.000000,-1.000000,-0.000000,0.000000,14.422431,0.603200,8.063793,1.000000);">
  <model src="assets/assets-6.xml#GEO_Axle002-001"></model>
 </group>
 <group id="GEO_Wheel_BackR" class="layer-0" style="transform:matrix3d(0.766044,-0.000000,0.642788,0.000000,-0.642788,-0.000000,0.766044,0.000000,-0.000000,-1.000000,-0.000000,0.000000,17.285366,1.816212,8.063788,1.000000);">
  <model src="assets/assets-7.xml#GEO_Wheel_R-001"></model>
 </group>
 <group id="Box079.001" class="layer-0" style="transform:matrix3d(0.999996,-0.002523,-0.000624,0.000000,0.000624,-0.000369,1.000000,0.000000,-0.002523,-0.999997,-0.000368,0.000000,-4.188827,2.470225,6.382761,1.000000);">
  <model src="assets/assets-0.xml#Box079-001"></model>
 </group>
 <group id="Box043.001" class="layer-0" style="transform:matrix3d(0.999987,-0.004981,-0.000569,0.000000,0.000567,-0.000414,1.000000,0.000000,-0.004981,-0.999987,-0.000411,0.000000,-4.178600,2.463956,2.975293,1.000000);">
  <model src="assets/assets-1.xml#Box043-001"></model>
 </group>
 <group id="Box041.001" class="layer-0" style="transform:matrix3d(0.999999,0.001049,-0.000566,0.000000,0.000567,-0.000795,0.999999,0.000000,0.001049,-0.999999,-0.000796,0.000000,-4.173569,4.274239,2.976888,1.000000);">
  <model src="assets/assets-2.xml#Box041-001"></model>
 </group>
 <group id="Box040.001" class="layer-0" style="transform:matrix3d(1.000000,-0.000132,0.000651,0.000000,-0.000651,-0.000261,1.000000,0.000000,-0.000132,-1.000000,-0.000261,0.000000,-4.177862,-2.932839,2.120189,1.000000);">
  <model src="assets/assets-3.xml#Box040-001"></model>
 </group>
 <group id="Box047.001" class="layer-0" style="transform:matrix3d(1.000000,-0.000123,-0.000441,0.000000,0.000441,-0.000279,1.000000,0.000000,-0.000123,-1.000000,-0.000279,0.000000,-4.178013,-1.142008,2.973210,1.000000);">
  <model src="assets/assets-4.xml#Box047-001"></model>
 </group>
 <group id="Box046.001" class="layer-0" style="transform:matrix3d(0.999996,0.002823,-0.000822,0.000000,0.000824,-0.000670,0.999999,0.000000,0.002823,-0.999996,-0.000673,0.000000,-4.176796,-0.238971,2.973694,1.000000);">
  <model src="assets/assets-5.xml#Box046-001"></model>
 </group>
 <group id="Box045.001" class="layer-0" style="transform:matrix3d(0.999993,-0.003642,-0.000496,0.000000,0.000494,-0.000577,1.000000,0.000000,-0.003642,-0.999993,-0.000575,0.000000,-4.187164,0.666584,2.974181,1.000000);">
  <model src="assets/assets-6.xml#Box045-001"></model>
 </group>
 <group id="Box044.001" class="layer-0" style="transform:matrix3d(0.999992,0.003906,-0.000323,0.000000,0.000326,-0.000626,1.000000,0.000000,0.003906,-0.999992,-0.000627,0.000000,-4.193877,1.558913,2.974622,1.000000);">
  <model src="assets/assets-7.xml#Box044-001"></model>
 </group>
 <group id="Box049.001" class="layer-0" style="transform:matrix3d(0.999998,0.002029,0.000083,0.000000,-0.000084,0.000290,1.000000,0.000000,0.002029,-0.999998,0.000290,0.000000,-4.185566,-2.926809,2.972094,1.000000);">
  <model src="assets/assets-0.xml#Box049-001"></model>
 </group>
 <group id="Box048.001" class="layer-0" style="transform:matrix3d(0.999998,-0.001956,-0.000205,0.000000,0.000205,-0.000006,1.000000,0.000000,-0.001956,-0.999998,-0.000006,0.000000,-4.189073,-2.023980,2.973056,1.000000);">
  <model src="assets/assets-1.xml#Box048-001"></model>
 </group>
 <group id="Box014.001" class="layer-0" style="transform:matrix3d(0.999998,0.002117,-0.000620,0.000000,0.000621,-0.000837,0.999999,0.000000,0.002117,-0.999997,-0.000838,0.000000,-4.180169,4.264897,0.421366,1.000000);">
  <model src="assets/assets-2.xml#Box014-001"></model>
 </group>
 <group id="Box015.001" class="layer-0" style="transform:matrix3d(0.999994,0.003268,-0.000487,0.000000,0.000489,-0.000662,1.000000,0.000000,0.003267,-0.999994,-0.000663,0.000000,-4.181181,3.364647,0.420623,1.000000);">
  <model src="assets/assets-3.xml#Box015-001"></model>
 </group>
 <group id="Box090.001" class="layer-0" style="transform:matrix3d(0.999378,0.035262,-0.000295,0.000000,0.000308,-0.000344,1.000000,0.000000,0.035262,-0.999378,-0.000355,0.000000,-4.210465,0.669299,7.233561,1.000000);">
  <model src="assets/assets-4.xml#Box090-001"></model>
 </group>
 <group id="Box091.001" class="layer-0" style="transform:matrix3d(0.999997,0.002123,-0.000865,0.000000,0.000866,-0.000615,0.999999,0.000000,0.002122,-0.999998,-0.000617,0.000000,-4.190413,-0.240465,7.232988,1.000000);">
  <model src="assets/assets-5.xml#Box091-001"></model>
 </group>
 <group id="Box092.001" class="layer-0" style="transform:matrix3d(0.999991,-0.004089,-0.000318,0.000000,0.000316,-0.000316,1.000000,0.000000,-0.004089,-0.999991,-0.000315,0.000000,-4.199958,-1.149396,7.232516,1.000000);">
  <model src="assets/assets-6.xml#Box092-001"></model>
 </group>
 <group id="Box093.001" class="layer-0" style="transform:matrix3d(0.999935,0.011401,-0.000330,0.000000,0.000330,0.000019,1.000000,0.000000,0.011401,-0.999935,0.000016,0.000000,-4.206908,-2.020934,7.232381,1.000000);">
  <model src="assets/assets-7.xml#Box093-001"></model>
 </group>
 <group id="Box094.001" class="layer-0" style="transform:matrix3d(0.999980,0.006284,0.000781,0.000000,-0.000781,-0.000013,1.000000,0.000000,0.006284,-0.999980,-0.000009,0.000000,-4.209162,-2.924599,7.231443,1.000000);">
  <model src="assets/assets-0.xml#Box094-001"></model>
 </group>
 <group id="Box095.001" class="layer-0" style="transform:matrix3d(0.999960,0.008914,-0.000533,0.000000,0.000540,-0.000771,1.000000,0.000000,0.008913,-0.999960,-0.000775,0.000000,-4.135019,4.253733,8.088089,1.000000);">
  <model src="assets/assets-1.xml#Box095-001"></model>
 </group>
 <group id="Box096.001" class="layer-0" style="transform:matrix3d(0.999978,0.006597,-0.000476,0.000000,0.000481,-0.000641,1.000000,0.000000,0.006596,-0.999978,-0.000644,0.000000,-4.195455,3.383600,8.087053,1.000000);">
  <model src="assets/assets-2.xml#Box096-001"></model>
 </group>
 <group id="Box097.001" class="layer-0" style="transform:matrix3d(0.999955,-0.009464,-0.000685,0.000000,0.000681,-0.000401,1.000000,0.000000,-0.009465,-0.999955,-0.000395,0.000000,-4.161271,2.471682,8.086494,1.000000);">
  <model src="assets/assets-3.xml#Box097-001"></model>
 </group>
 <group id="Box098.001" class="layer-0" style="transform:matrix3d(0.999729,0.023281,-0.000239,0.000000,0.000256,-0.000712,1.000000,0.000000,0.023281,-0.999729,-0.000717,0.000000,-4.175495,1.566625,8.085732,1.000000);">
  <model src="assets/assets-4.xml#Box098-001"></model>
 </group>
 <group id="Box099.001" class="layer-0" style="transform:matrix3d(0.995656,-0.093112,-0.000350,0.000000,0.000318,-0.000358,1.000000,0.000000,-0.093112,-0.995656,-0.000327,0.000000,-4.152474,0.621380,8.085417,1.000000);">
  <model src="assets/assets-5.xml#Box099-001"></model>
 </group>
 <group id="Box078.001" class="layer-0" style="transform:matrix3d(0.999996,0.002779,-0.000364,0.000000,0.000366,-0.000586,1.000000,0.000000,0.002779,-0.999996,-0.000587,0.000000,-4.200831,3.388405,6.383330,1.000000);">
  <model src="assets/assets-6.xml#Box078-001"></model>
 </group>
 <group id="Box076.001" class="layer-0" style="transform:matrix3d(1.000000,-0.000879,0.000649,0.000000,-0.000649,-0.000145,1.000000,0.000000,-0.000879,-1.000000,-0.000146,0.000000,-4.195555,-2.932674,5.527693,1.000000);">
  <model src="assets/assets-7.xml#Box076-001"></model>
 </group>
 <group id="Box077.001" class="layer-0" style="transform:matrix3d(0.999957,0.009213,-0.000514,0.000000,0.000521,-0.000741,1.000000,0.000000,0.009213,-0.999957,-0.000745,0.000000,-4.191577,4.283946,6.384370,1.000000);">
  <model src="assets/assets-0.xml#Box077-001"></model>
 </group>
 <group id="Box074.001" class="layer-0" style="transform:matrix3d(0.999983,0.005810,-0.000306,0.000000,0.000308,-0.000337,1.000000,0.000000,0.005810,-0.999983,-0.000339,0.000000,-4.187145,-1.152004,5.528695,1.000000);">
  <model src="assets/assets-1.xml#Box074-001"></model>
 </group>
 <group id="Box075.001" class="layer-0" style="transform:matrix3d(0.999986,0.005218,-0.000234,0.000000,0.000234,-0.000012,1.000000,0.000000,0.005218,-0.999987,-0.000014,0.000000,-4.198951,-2.020117,5.528619,1.000000);">
  <model src="assets/assets-2.xml#Box075-001"></model>
 </group>
 <group id="Box072.001" class="layer-0" style="transform:matrix3d(0.999908,0.013559,-0.000416,0.000000,0.000422,-0.000463,1.000000,0.000000,0.013559,-0.999908,-0.000469,0.000000,-4.191735,0.677605,5.529757,1.000000);">
  <model src="assets/assets-3.xml#Box072-001"></model>
 </group>
 <group id="Box073.001" class="layer-0" style="transform:matrix3d(0.999999,0.001083,-0.000855,0.000000,0.000856,-0.000639,1.000000,0.000000,0.001083,-0.999999,-0.000640,0.000000,-4.184405,-0.238824,5.529176,1.000000);">
  <model src="assets/assets-4.xml#Box073-001"></model>
 </group>
 <group id="Box070.001" class="layer-0" style="transform:matrix3d(0.999984,-0.005615,-0.000636,0.000000,0.000634,-0.000364,1.000000,0.000000,-0.005616,-0.999984,-0.000360,0.000000,-4.182688,2.467812,5.530906,1.000000);">
  <model src="assets/assets-5.xml#Box070-001"></model>
 </group>
 <group id="Box071.001" class="layer-0" style="transform:matrix3d(0.999999,0.001341,-0.000201,0.000000,0.000202,-0.000734,1.000000,0.000000,0.001341,-0.999999,-0.000734,0.000000,-4.210962,1.559136,5.530102,1.000000);">
  <model src="assets/assets-6.xml#Box071-001"></model>
 </group>
 <group id="Box042.001" class="layer-0" style="transform:matrix3d(1.000000,0.000478,-0.000360,0.000000,0.000361,-0.000394,1.000000,0.000000,0.000478,-1.000000,-0.000394,0.000000,-4.186516,3.357652,2.975965,1.000000);">
  <model src="assets/assets-7.xml#Box042-001"></model>
 </group>
 <group id="Box026.001" class="layer-0" style="transform:matrix3d(0.999989,0.004730,-0.000415,0.000000,0.000419,-0.000708,0.999999,0.000000,0.004730,-0.999989,-0.000710,0.000000,-4.190826,1.559178,1.271168,1.000000);">
  <model src="assets/assets-0.xml#Box026-001"></model>
 </group>
 <group id="Box101.001" class="layer-0" style="transform:matrix3d(0.999987,-0.005024,-0.000341,0.000000,0.000340,-0.000292,1.000000,0.000000,-0.005024,-0.999987,-0.000291,0.000000,-4.182615,-1.149286,8.084396,1.000000);">
  <model src="assets/assets-1.xml#Box101-001"></model>
 </group>
 <group id="Box089.001" class="layer-0" style="transform:matrix3d(0.999870,0.016115,-0.000214,0.000000,0.000226,-0.000738,1.000000,0.000000,0.016115,-0.999870,-0.000741,0.000000,-4.214670,1.555099,7.233867,1.000000);">
  <model src="assets/assets-2.xml#Box089-001"></model>
 </group>
 <group id="Box088.001" class="layer-0" style="transform:matrix3d(0.999998,-0.001792,-0.000627,0.000000,0.000626,-0.000364,1.000000,0.000000,-0.001793,-0.999998,-0.000363,0.000000,-4.190168,2.468910,7.234631,1.000000);">
  <model src="assets/assets-3.xml#Box088-001"></model>
 </group>
 <group id="Box087.001" class="layer-0" style="transform:matrix3d(0.999999,0.000920,-0.000437,0.000000,0.000437,-0.000603,1.000000,0.000000,0.000920,-0.999999,-0.000603,0.000000,-4.201469,3.383221,7.235142,1.000000);">
  <model src="assets/assets-4.xml#Box087-001"></model>
 </group>
 <group id="Box086.001" class="layer-0" style="transform:matrix3d(0.999924,0.012336,-0.000528,0.000000,0.000537,-0.000744,1.000000,0.000000,0.012335,-0.999924,-0.000751,0.000000,-4.200689,4.290700,7.236263,1.000000);">
  <model src="assets/assets-5.xml#Box086-001"></model>
 </group>
 <group id="Box085.001" class="layer-0" style="transform:matrix3d(0.999987,0.005092,0.000788,0.000000,-0.000788,-0.000014,1.000000,0.000000,0.005092,-0.999987,-0.000010,0.000000,-4.204032,-2.928879,6.379536,1.000000);">
  <model src="assets/assets-6.xml#Box085-001"></model>
 </group>
 <group id="Box084.001" class="layer-0" style="transform:matrix3d(0.999997,0.002266,-0.000260,0.000000,0.000260,-0.000043,1.000000,0.000000,0.002266,-0.999998,-0.000044,0.000000,-4.202059,-2.021588,6.380497,1.000000);">
  <model src="assets/assets-7.xml#Box084-001"></model>
 </group>
 <group id="Box083.001" class="layer-0" style="transform:matrix3d(0.999989,-0.004749,-0.000321,0.000000,0.000320,-0.000312,1.000000,0.000000,-0.004749,-0.999989,-0.000310,0.000000,-4.194946,-1.154833,6.380595,1.000000);">
  <model src="assets/assets-0.xml#Box083-001"></model>
 </group>
 <group id="Box082.001" class="layer-0" style="transform:matrix3d(0.999991,0.003958,-0.000860,0.000000,0.000863,-0.000615,1.000000,0.000000,0.003957,-0.999992,-0.000619,0.000000,-4.190436,-0.236404,6.381074,1.000000);">
  <model src="assets/assets-1.xml#Box082-001"></model>
 </group>
 <group id="Box081.001" class="layer-0" style="transform:matrix3d(0.999882,0.015320,-0.000361,0.000000,0.000367,-0.000413,1.000000,0.000000,0.015320,-0.999882,-0.000418,0.000000,-4.200526,0.674822,6.381640,1.000000);">
  <model src="assets/assets-2.xml#Box081-001"></model>
 </group>
 <group id="Box080.001" class="layer-0" style="transform:matrix3d(0.999998,0.002154,-0.000216,0.000000,0.000217,-0.000744,1.000000,0.000000,0.002154,-0.999998,-0.000745,0.000000,-4.216834,1.558604,6.382017,1.000000);">
  <model src="assets/assets-3.xml#Box080-001"></model>
 </group>
 <group id="Box069.001" class="layer-0" style="transform:matrix3d(1.000000,-0.000867,-0.000355,0.000000,0.000354,-0.000575,1.000000,0.000000,-0.000867,-0.999999,-0.000575,0.000000,-4.185536,3.377387,5.531402,1.000000);">
  <model src="assets/assets-4.xml#Box069-001"></model>
 </group>
 <group id="Box068.001" class="layer-0" style="transform:matrix3d(0.999976,0.006938,-0.000493,0.000000,0.000498,-0.000753,1.000000,0.000000,0.006938,-0.999975,-0.000757,0.000000,-4.184993,4.285553,5.532452,1.000000);">
  <model src="assets/assets-5.xml#Box068-001"></model>
 </group>
 <group id="Box065.001" class="layer-0" style="transform:matrix3d(0.999996,0.002867,-0.000320,0.000000,0.000321,-0.000334,1.000000,0.000000,0.002867,-0.999996,-0.000335,0.000000,-4.181010,-1.149933,4.676822,1.000000);">
  <model src="assets/assets-6.xml#Box065-001"></model>
 </group>
 <group id="Box064.001" class="layer-0" style="transform:matrix3d(0.999997,0.002439,-0.000881,0.000000,0.000882,-0.000676,0.999999,0.000000,0.002438,-0.999996,-0.000678,0.000000,-4.179928,-0.238486,4.677305,1.000000);">
  <model src="assets/assets-7.xml#Box064-001"></model>
 </group>
 <group id="Box067.001" class="layer-0" style="transform:matrix3d(1.000000,0.000665,0.000287,0.000000,-0.000287,0.000207,1.000000,0.000000,0.000665,-1.000000,0.000207,0.000000,-4.195129,-2.931772,4.675782,1.000000);">
  <model src="assets/assets-0.xml#Box067-001"></model>
 </group>
 <group id="Box066.001" class="layer-0" style="transform:matrix3d(0.999998,0.001933,-0.000209,0.000000,0.000209,-0.000039,1.000000,0.000000,0.001933,-0.999998,-0.000040,0.000000,-4.190136,-2.023968,4.676702,1.000000);">
  <model src="assets/assets-1.xml#Box066-001"></model>
 </group>
 <group id="Box061.001" class="layer-0" style="transform:matrix3d(0.999963,-0.008630,-0.000613,0.000000,0.000610,-0.000337,1.000000,0.000000,-0.008630,-0.999963,-0.000332,0.000000,-4.177374,2.465503,4.678986,1.000000);">
  <model src="assets/assets-2.xml#Box061-001"></model>
 </group>
 <group id="Box060.001" class="layer-0" style="transform:matrix3d(0.999979,0.006419,-0.000333,0.000000,0.000336,-0.000519,1.000000,0.000000,0.006419,-0.999979,-0.000521,0.000000,-4.178879,3.376292,4.679544,1.000000);">
  <model src="assets/assets-3.xml#Box060-001"></model>
 </group>
 <group id="Box063.001" class="layer-0" style="transform:matrix3d(0.999998,0.001809,-0.000475,0.000000,0.000476,-0.000534,1.000000,0.000000,0.001809,-0.999998,-0.000535,0.000000,-4.188811,0.672794,4.677896,1.000000);">
  <model src="assets/assets-4.xml#Box063-001"></model>
 </group>
 <group id="Box062.001" class="layer-0" style="transform:matrix3d(0.999999,0.000893,-0.000204,0.000000,0.000205,-0.000727,1.000000,0.000000,0.000893,-0.999999,-0.000727,0.000000,-4.205731,1.559044,4.678249,1.000000);">
  <model src="assets/assets-5.xml#Box062-001"></model>
 </group>
 <group id="Box032.001" class="layer-0" style="transform:matrix3d(1.000000,0.000372,-0.000578,0.000000,0.000579,-0.000853,0.999999,0.000000,0.000371,-1.000000,-0.000854,0.000000,-4.177424,4.268838,2.125032,1.000000);">
  <model src="assets/assets-6.xml#Box032-001"></model>
 </group>
 <group id="Box033.001" class="layer-0" style="transform:matrix3d(1.000000,0.000366,-0.000450,0.000000,0.000451,-0.000524,1.000000,0.000000,0.000366,-1.000000,-0.000524,0.000000,-4.190856,3.357280,2.124192,1.000000);">
  <model src="assets/assets-7.xml#Box033-001"></model>
 </group>
 <group id="Box030.001" class="layer-0" style="transform:matrix3d(0.999999,0.000722,-0.000192,0.000000,0.000192,-0.000120,1.000000,0.000000,0.000722,-1.000000,-0.000120,0.000000,-4.177303,-2.025256,1.269332,1.000000);">
  <model src="assets/assets-0.xml#Box030-001"></model>
 </group>
 <group id="Box031.001" class="layer-0" style="transform:matrix3d(0.999994,0.003519,0.000246,0.000000,-0.000244,-0.000322,1.000000,0.000000,0.003519,-0.999994,-0.000321,0.000000,-4.175441,-2.934988,1.268417,1.000000);">
  <model src="assets/assets-1.xml#Box031-001"></model>
 </group>
 <group id="Box036.001" class="layer-0" style="transform:matrix3d(0.999995,-0.003112,-0.000538,0.000000,0.000536,-0.000640,1.000000,0.000000,-0.003113,-0.999995,-0.000638,0.000000,-4.182954,0.664667,2.122458,1.000000);">
  <model src="assets/assets-2.xml#Box036-001"></model>
 </group>
 <group id="Box037.001" class="layer-0" style="transform:matrix3d(0.999997,0.002158,-0.000743,0.000000,0.000745,-0.000671,1.000000,0.000000,0.002158,-0.999997,-0.000673,0.000000,-4.176291,-0.240526,2.121861,1.000000);">
  <model src="assets/assets-3.xml#Box037-001"></model>
 </group>
 <group id="Box034.001" class="layer-0" style="transform:matrix3d(0.999978,-0.006621,-0.000576,0.000000,0.000573,-0.000437,1.000000,0.000000,-0.006622,-0.999978,-0.000433,0.000000,-4.175229,2.464632,2.123552,1.000000);">
  <model src="assets/assets-4.xml#Box034-001"></model>
 </group>
 <group id="Box035.001" class="layer-0" style="transform:matrix3d(0.999993,0.003644,-0.000352,0.000000,0.000354,-0.000645,1.000000,0.000000,0.003643,-0.999993,-0.000646,0.000000,-4.188311,1.557965,2.122818,1.000000);">
  <model src="assets/assets-5.xml#Box035-001"></model>
 </group>
 <group id="Box102.001" class="layer-0" style="transform:matrix3d(0.999978,-0.006639,-0.000377,0.000000,0.000377,0.000003,1.000000,0.000000,-0.006639,-0.999978,0.000005,0.000000,-4.191739,-2.032405,8.084272,1.000000);">
  <model src="assets/assets-6.xml#Box102-001"></model>
 </group>
 <group id="Box038.001" class="layer-0" style="transform:matrix3d(1.000000,-0.000887,-0.000472,0.000000,0.000471,-0.000333,1.000000,0.000000,-0.000888,-1.000000,-0.000332,0.000000,-4.177994,-1.136361,2.121396,1.000000);">
  <model src="assets/assets-7.xml#Box038-001"></model>
 </group>
 <group id="Box039.001" class="layer-0" style="transform:matrix3d(0.999999,-0.001479,-0.000215,0.000000,0.000215,-0.000022,1.000000,0.000000,-0.001479,-0.999999,-0.000022,0.000000,-4.180621,-2.023671,2.121210,1.000000);">
  <model src="assets/assets-0.xml#Box039-001"></model>
 </group>
 <group id="Box103.001" class="layer-0" style="transform:matrix3d(0.999899,0.014194,0.000797,0.000000,-0.000797,0.000006,1.000000,0.000000,0.014194,-0.999899,0.000017,0.000000,-4.161170,-2.929029,8.083373,1.000000);">
  <model src="assets/assets-1.xml#Box103-001"></model>
 </group>
 <group id="Box100.001" class="layer-0" style="transform:matrix3d(0.999945,-0.010432,-0.000885,0.000000,0.000878,-0.000608,1.000000,0.000000,-0.010433,-0.999946,-0.000599,0.000000,-4.147602,-0.255512,8.084827,1.000000);">
  <model src="assets/assets-2.xml#Box100-001"></model>
 </group>
 <group id="Box018.001" class="layer-0" style="transform:matrix3d(1.000000,-0.000299,-0.000555,0.000000,0.000555,-0.000707,1.000000,0.000000,-0.000299,-1.000000,-0.000707,0.000000,-4.181449,0.669450,0.418695,1.000000);">
  <model src="assets/assets-3.xml#Box018-001"></model>
 </group>
 <group id="Box055.001" class="layer-0" style="transform:matrix3d(0.999995,0.002965,-0.000863,0.000000,0.000865,-0.000691,0.999999,0.000000,0.002964,-0.999995,-0.000693,0.000000,-4.175802,-0.239945,3.825527,1.000000);">
  <model src="assets/assets-4.xml#Box055-001"></model>
 </group>
 <group id="Box056.001" class="layer-0" style="transform:matrix3d(0.999990,0.004320,-0.000421,0.000000,0.000422,-0.000252,1.000000,0.000000,0.004320,-0.999991,-0.000254,0.000000,-4.178742,-1.144102,3.824965,1.000000);">
  <model src="assets/assets-5.xml#Box056-001"></model>
 </group>
 <group id="Box057.001" class="layer-0" style="transform:matrix3d(1.000000,-0.000089,-0.000207,0.000000,0.000207,-0.000053,1.000000,0.000000,-0.000089,-1.000000,-0.000053,0.000000,-4.188076,-2.022972,3.824901,1.000000);">
  <model src="assets/assets-6.xml#Box057-001"></model>
 </group>
 <group id="Box050.001" class="layer-0" style="transform:matrix3d(0.999994,0.003393,-0.000528,0.000000,0.000531,-0.000756,1.000000,0.000000,0.003392,-0.999994,-0.000757,0.000000,-4.180003,4.276606,3.828677,1.000000);">
  <model src="assets/assets-7.xml#Box050-001"></model>
 </group>
 <group id="Box051.001" class="layer-0" style="transform:matrix3d(0.999995,0.003179,-0.000265,0.000000,0.000267,-0.000450,1.000000,0.000000,0.003179,-0.999995,-0.000451,0.000000,-4.179267,3.367713,3.827707,1.000000);">
  <model src="assets/assets-0.xml#Box051-001"></model>
 </group>
 <group id="Box052.001" class="layer-0" style="transform:matrix3d(0.999950,-0.009959,-0.000570,0.000000,0.000566,-0.000401,1.000000,0.000000,-0.009959,-0.999950,-0.000395,0.000000,-4.178430,2.464656,3.827132,1.000000);">
  <model src="assets/assets-1.xml#Box052-001"></model>
 </group>
 <group id="Box053.001" class="layer-0" style="transform:matrix3d(0.999998,0.001815,-0.000286,0.000000,0.000287,-0.000583,1.000000,0.000000,0.001815,-0.999998,-0.000584,0.000000,-4.197562,1.557856,3.826530,1.000000);">
  <model src="assets/assets-2.xml#Box053-001"></model>
 </group>
 <group id="Box058.001" class="layer-0" style="transform:matrix3d(1.000000,-0.000095,0.000145,0.000000,-0.000145,0.000118,1.000000,0.000000,-0.000095,-1.000000,0.000118,0.000000,-4.192318,-2.928511,3.823888,1.000000);">
  <model src="assets/assets-3.xml#Box058-001"></model>
 </group>
 <group id="Box059.001" class="layer-0" style="transform:matrix3d(0.999998,0.001887,-0.000495,0.000000,0.000496,-0.000740,1.000000,0.000000,0.001886,-0.999998,-0.000741,0.000000,-4.181760,4.281103,4.680567,1.000000);">
  <model src="assets/assets-4.xml#Box059-001"></model>
 </group>
 <group id="Box016.001" class="layer-0" style="transform:matrix3d(0.999979,-0.006360,-0.000648,0.000000,0.000645,-0.000464,1.000000,0.000000,-0.006360,-0.999979,-0.000460,0.000000,-4.175202,2.465565,0.419889,1.000000);">
  <model src="assets/assets-5.xml#Box016-001"></model>
 </group>
 <group id="Box017.001" class="layer-0" style="transform:matrix3d(0.999998,0.001723,-0.000546,0.000000,0.000547,-0.000674,1.000000,0.000000,0.001722,-0.999998,-0.000675,0.000000,-4.182691,1.569198,0.419396,1.000000);">
  <model src="assets/assets-6.xml#Box017-001"></model>
 </group>
 <group id="Box021.001" class="layer-0" style="transform:matrix3d(0.999995,0.003247,-0.000206,0.000000,0.000206,-0.000129,1.000000,0.000000,0.003247,-0.999995,-0.000130,0.000000,-4.180535,-2.034704,0.417416,1.000000);">
  <model src="assets/assets-7.xml#Box021-001"></model>
 </group>
 <group id="Box020.001" class="layer-0" style="transform:matrix3d(0.999998,-0.001751,-0.000474,0.000000,0.000474,-0.000373,1.000000,0.000000,-0.001751,-0.999998,-0.000372,0.000000,-4.176763,-1.134366,0.417669,1.000000);">
  <model src="assets/assets-0.xml#Box020-001"></model>
 </group>
 <group id="Box023.001" class="layer-0" style="transform:matrix3d(0.999998,0.001812,-0.000575,0.000000,0.000576,-0.000853,1.000000,0.000000,0.001811,-0.999998,-0.000854,0.000000,-4.177082,4.264426,1.273112,1.000000);">
  <model src="assets/assets-1.xml#Box023-001"></model>
 </group>
 <group id="Box022.001" class="layer-0" style="transform:matrix3d(0.999997,0.002447,-0.000515,0.000000,0.000518,-0.001088,0.999999,0.000000,0.002447,-0.999996,-0.001090,0.000000,-4.178349,-2.934655,0.416504,1.000000);">
  <model src="assets/assets-2.xml#Box022-001"></model>
 </group>
 <group id="Box025.001" class="layer-0" style="transform:matrix3d(0.999970,-0.007636,-0.000654,0.000000,0.000650,-0.000491,1.000000,0.000000,-0.007637,-0.999971,-0.000486,0.000000,-4.174771,2.467148,1.271728,1.000000);">
  <model src="assets/assets-3.xml#Box025-001"></model>
 </group>
 <group id="Box024.001" class="layer-0" style="transform:matrix3d(0.999980,0.006260,-0.000512,0.000000,0.000516,-0.000602,1.000000,0.000000,0.006260,-0.999980,-0.000605,0.000000,-4.189518,3.357887,1.272405,1.000000);">
  <model src="assets/assets-4.xml#Box024-001"></model>
 </group>
 <group id="Box027.001" class="layer-0" style="transform:matrix3d(0.999996,0.002570,-0.000476,0.000000,0.000478,-0.000712,0.999999,0.000000,0.002569,-0.999996,-0.000714,0.000000,-4.186099,0.662960,1.270540,1.000000);">
  <model src="assets/assets-5.xml#Box027-001"></model>
 </group>
 <group id="Box019.001" class="layer-0" style="transform:matrix3d(0.999999,0.000387,-0.000787,0.000000,0.000787,-0.000631,1.000000,0.000000,0.000386,-1.000000,-0.000631,0.000000,-4.180926,-0.237132,0.418123,1.000000);">
  <model src="assets/assets-6.xml#Box019-001"></model>
 </group>
 <group id="Box029.001" class="layer-0" style="transform:matrix3d(1.000000,-0.000314,-0.000484,0.000000,0.000484,-0.000334,1.000000,0.000000,-0.000314,-1.000000,-0.000334,0.000000,-4.177958,-1.137070,1.269483,1.000000);">
  <model src="assets/assets-7.xml#Box029-001"></model>
 </group>
 <group id="Box028.001" class="layer-0" style="transform:matrix3d(0.999998,0.001864,-0.000803,0.000000,0.000805,-0.000632,1.000000,0.000000,0.001864,-0.999998,-0.000634,0.000000,-4.175197,-0.241169,1.269951,1.000000);">
  <model src="assets/assets-0.xml#Box028-001"></model>
 </group>
 <group id="Box054.001" class="layer-0" style="transform:matrix3d(0.999996,-0.002901,-0.000529,0.000000,0.000527,-0.000520,1.000000,0.000000,-0.002902,-0.999996,-0.000518,0.000000,-4.190649,0.668615,3.826017,1.000000);">
  <model src="assets/assets-1.xml#Box054-001"></model>
 </group>
 <group id="Box054" class="layer-0" style="transform:matrix3d(0.999999,-0.001283,0.000111,0.000000,-0.000111,-0.000335,1.000000,0.000000,-0.001283,-0.999999,-0.000335,0.000000,0.258556,0.670025,3.824628,1.000000);">
  <model src="assets/assets-2.xml#Box054"></model>
 </group>
 <group id="Box028" class="layer-0" style="transform:matrix3d(0.999999,0.001417,0.000100,0.000000,-0.000099,-0.000089,1.000000,0.000000,0.001417,-0.999999,-0.000089,0.000000,0.264131,-0.237563,1.268740,1.000000);">
  <model src="assets/assets-3.xml#Box028"></model>
 </group>
 <group id="Box029" class="layer-0" style="transform:matrix3d(1.000000,0.000412,0.000370,0.000000,-0.000370,-0.000292,1.000000,0.000000,0.000412,-1.000000,-0.000292,0.000000,0.260762,-1.135891,1.267919,1.000000);">
  <model src="assets/assets-4.xml#Box029"></model>
 </group>
 <group id="Box019" class="layer-0" style="transform:matrix3d(1.000000,0.000433,-0.000118,0.000000,0.000118,-0.000217,1.000000,0.000000,0.000433,-1.000000,-0.000217,0.000000,0.259778,-0.235779,0.417142,1.000000);">
  <model src="assets/assets-5.xml#Box019"></model>
 </group>
 <group id="Box027" class="layer-0" style="transform:matrix3d(0.999983,-0.005831,-0.000043,0.000000,0.000041,-0.000288,1.000000,0.000000,-0.005831,-0.999983,-0.000288,0.000000,0.266018,0.665036,1.269199,1.000000);">
  <model src="assets/assets-6.xml#Box027"></model>
 </group>
 <group id="Box024" class="layer-0" style="transform:matrix3d(0.999989,-0.004726,-0.000366,0.000000,0.000363,-0.000676,1.000000,0.000000,-0.004727,-0.999989,-0.000674,0.000000,0.267765,3.354780,1.270698,1.000000);">
  <model src="assets/assets-7.xml#Box024"></model>
 </group>
 <group id="Box025" class="layer-0" style="transform:matrix3d(0.999998,-0.001760,-0.000357,0.000000,0.000356,-0.000771,1.000000,0.000000,-0.001761,-0.999998,-0.000770,0.000000,0.252428,2.462741,1.269933,1.000000);">
  <model src="assets/assets-0.xml#Box025"></model>
 </group>
 <group id="Box022" class="layer-0" style="transform:matrix3d(1.000000,-0.000231,-0.000147,0.000000,0.000147,-0.000199,1.000000,0.000000,-0.000231,-1.000000,-0.000199,0.000000,0.261104,-2.936976,0.416548,1.000000);">
  <model src="assets/assets-1.xml#Box022"></model>
 </group>
 <group id="Box023" class="layer-0" style="transform:matrix3d(0.999993,-0.003568,-0.000320,0.000000,0.000317,-0.000781,1.000000,0.000000,-0.003568,-0.999993,-0.000780,0.000000,0.279296,4.269984,1.271493,1.000000);">
  <model src="assets/assets-2.xml#Box023"></model>
 </group>
 <group id="Box020" class="layer-0" style="transform:matrix3d(0.999998,0.001926,0.000210,0.000000,-0.000209,-0.000179,1.000000,0.000000,0.001926,-0.999998,-0.000179,0.000000,0.257488,-1.132299,0.416332,1.000000);">
  <model src="assets/assets-3.xml#Box020"></model>
 </group>
 <group id="Box021" class="layer-0" style="transform:matrix3d(0.999984,0.005616,-0.000201,0.000000,0.000202,-0.000104,1.000000,0.000000,0.005615,-0.999984,-0.000105,0.000000,0.254520,-2.032944,0.416707,1.000000);">
  <model src="assets/assets-4.xml#Box021"></model>
 </group>
 <group id="Box017" class="layer-0" style="transform:matrix3d(1.000000,0.000077,-0.000197,0.000000,0.000197,-0.000434,1.000000,0.000000,0.000077,-1.000000,-0.000434,0.000000,0.255685,1.566371,0.417633,1.000000);">
  <model src="assets/assets-5.xml#Box017"></model>
 </group>
 <group id="Box016" class="layer-0" style="transform:matrix3d(0.999998,-0.001774,-0.000293,0.000000,0.000291,-0.000813,1.000000,0.000000,-0.001774,-0.999998,-0.000813,0.000000,0.262173,2.470495,0.418192,1.000000);">
  <model src="assets/assets-6.xml#Box016"></model>
 </group>
 <group id="Box059" class="layer-0" style="transform:matrix3d(0.999976,0.006990,-0.000328,0.000000,0.000333,-0.000686,1.000000,0.000000,0.006990,-0.999976,-0.000688,0.000000,0.268659,4.284516,4.678891,1.000000);">
  <model src="assets/assets-7.xml#Box059"></model>
 </group>
 <group id="Box058" class="layer-0" style="transform:matrix3d(0.999998,-0.001972,-0.000034,0.000000,0.000034,-0.000352,1.000000,0.000000,-0.001972,-0.999998,-0.000351,0.000000,0.249658,-2.936493,3.823805,1.000000);">
  <model src="assets/assets-0.xml#Box058"></model>
 </group>
 <group id="Box053" class="layer-0" style="transform:matrix3d(0.999997,0.002577,-0.000244,0.000000,0.000245,-0.000401,1.000000,0.000000,0.002577,-0.999997,-0.000402,0.000000,0.244979,1.560353,3.824903,1.000000);">
  <model src="assets/assets-1.xml#Box053"></model>
 </group>
 <group id="Box052" class="layer-0" style="transform:matrix3d(0.999995,-0.003160,-0.000327,0.000000,0.000325,-0.000728,1.000000,0.000000,-0.003160,-0.999995,-0.000727,0.000000,0.252598,2.460196,3.825546,1.000000);">
  <model src="assets/assets-2.xml#Box052"></model>
 </group>
 <group id="Box051" class="layer-0" style="transform:matrix3d(0.999997,-0.002261,-0.000277,0.000000,0.000276,-0.000582,1.000000,0.000000,-0.002261,-0.999997,-0.000581,0.000000,0.262115,3.366137,3.826142,1.000000);">
  <model src="assets/assets-3.xml#Box051"></model>
 </group>
 <group id="Box050" class="layer-0" style="transform:matrix3d(0.999999,-0.001438,-0.000331,0.000000,0.000330,-0.000704,1.000000,0.000000,-0.001439,-0.999999,-0.000703,0.000000,0.270096,4.274661,3.827033,1.000000);">
  <model src="assets/assets-4.xml#Box050"></model>
 </group>
 <group id="Box057" class="layer-0" style="transform:matrix3d(0.999985,0.005503,0.000294,0.000000,-0.000293,-0.000202,1.000000,0.000000,0.005503,-0.999985,-0.000201,0.000000,0.244101,-2.024567,3.823756,1.000000);">
  <model src="assets/assets-5.xml#Box057"></model>
 </group>
 <group id="Box056" class="layer-0" style="transform:matrix3d(0.999977,0.006732,0.000412,0.000000,-0.000409,-0.000400,1.000000,0.000000,0.006732,-0.999977,-0.000397,0.000000,0.256897,-1.140784,3.823361,1.000000);">
  <model src="assets/assets-6.xml#Box056"></model>
 </group>
 <group id="Box055" class="layer-0" style="transform:matrix3d(0.999999,0.001584,0.000204,0.000000,-0.000204,-0.000068,1.000000,0.000000,0.001584,-0.999999,-0.000068,0.000000,0.254538,-0.237663,3.824108,1.000000);">
  <model src="assets/assets-7.xml#Box055"></model>
 </group>
 <group id="Box018" class="layer-0" style="transform:matrix3d(0.999997,0.002253,-0.000129,0.000000,0.000130,-0.000260,1.000000,0.000000,0.002253,-0.999998,-0.000260,0.000000,0.262348,0.666842,0.417352,1.000000);">
  <model src="assets/assets-0.xml#Box018"></model>
 </group>
 <group id="Box100" class="layer-0" style="transform:matrix3d(0.999896,-0.014378,0.000280,0.000000,-0.000285,-0.000298,1.000000,0.000000,-0.014378,-0.999897,-0.000302,0.000000,0.277162,-0.249063,8.083132,1.000000);">
  <model src="assets/assets-1.xml#Box100"></model>
 </group>
 <group id="Box103" class="layer-0" style="transform:matrix3d(1.000000,0.000576,0.000090,0.000000,-0.000090,-0.000281,1.000000,0.000000,0.000576,-1.000000,-0.000281,0.000000,0.290608,-2.938969,8.083053,1.000000);">
  <model src="assets/assets-2.xml#Box103"></model>
 </group>
 <group id="Box039" class="layer-0" style="transform:matrix3d(0.999992,0.004031,0.000133,0.000000,-0.000133,-0.000159,1.000000,0.000000,0.004031,-0.999992,-0.000158,0.000000,0.250527,-2.022208,2.120085,1.000000);">
  <model src="assets/assets-3.xml#Box039"></model>
 </group>
 <group id="Box038" class="layer-0" style="transform:matrix3d(0.999998,0.001750,0.000410,0.000000,-0.000409,-0.000661,1.000000,0.000000,0.001751,-0.999998,-0.000661,0.000000,0.259089,-1.132834,2.119697,1.000000);">
  <model src="assets/assets-4.xml#Box038"></model>
 </group>
 <group id="Box102" class="layer-0" style="transform:matrix3d(0.999976,-0.006895,0.000387,0.000000,-0.000389,-0.000288,1.000000,0.000000,-0.006895,-0.999976,-0.000291,0.000000,0.247487,-2.049443,8.082863,1.000000);">
  <model src="assets/assets-5.xml#Box102"></model>
 </group>
 <group id="Box035" class="layer-0" style="transform:matrix3d(0.999999,-0.001636,-0.000168,0.000000,0.000168,-0.000363,1.000000,0.000000,-0.001636,-0.999999,-0.000362,0.000000,0.250789,1.558194,2.121159,1.000000);">
  <model src="assets/assets-6.xml#Box035"></model>
 </group>
 <group id="Box034" class="layer-0" style="transform:matrix3d(0.999999,-0.000860,-0.000423,0.000000,0.000422,-0.000739,1.000000,0.000000,-0.000860,-0.999999,-0.000738,0.000000,0.254028,2.459866,2.121753,1.000000);">
  <model src="assets/assets-7.xml#Box034"></model>
 </group>
 <group id="Box037" class="layer-0" style="transform:matrix3d(1.000000,0.000716,0.000137,0.000000,-0.000137,-0.000065,1.000000,0.000000,0.000716,-1.000000,-0.000065,0.000000,0.261721,-0.232823,2.120460,1.000000);">
  <model src="assets/assets-0.xml#Box037"></model>
 </group>
 <group id="Box036" class="layer-0" style="transform:matrix3d(1.000000,-0.000575,0.000003,0.000000,-0.000004,-0.000379,1.000000,0.000000,-0.000575,-1.000000,-0.000379,0.000000,0.278826,0.664804,2.120885,1.000000);">
  <model src="assets/assets-1.xml#Box036"></model>
 </group>
